case #1

5 7
0 0 0 0 0 0 0
0 2 4 5 3 0 0
0 3 0 2 5 2 0
0 7 6 2 4 0 0
0 0 0 0 0 0 0

output: 2

==============

case #2

5 7
0 0 0 0 0 0 0
0 2 4 0 3 0 0
0 3 0 2 5 2 0
0 7 0 2 4 0 0
0 0 0 0 0 0 0

output: 0

==============

case #3

5 7
0 0 0 0 0 0 0
0 4 4 5 3 4 0
0 3 0 2 5 10 0
0 7 6 2 4 4 0
0 0 0 0 0 0 0

output: 2

==============

case #4

7 7
0 0 0 0 0 0 0
0 4 4 5 3 4 0
0 3 0 2 5 10 0
0 7 6 2 4 4 0
0 3 0 2 5 10 0
0 3 0 2 5 10 0
0 0 0 0 0 0 0

output: 3

==============

case #5

5 7
0 0 0 0 0 0 0
0 4 4 4 4 4 0
0 4 4 4 4 4 0
0 4 4 4 4 4 0
0 0 0 0 0 0 0

output: 0